Agent 0,Agent 1,min,max,avg,steps,trend
79.1,2.5,1.2,80.4,40.800000000000004,1,42.281564706543335
77.9,0.5,0.2,78.2,39.2,2,42.405826866516165
78.6,0.1,0.1,78.6,39.349999999999994,3,42.52837680468528
78.4,2.1,0.7,79.8,40.25,4,42.64922821640547
80.1,0.2,0.2,80.1,40.15,5,42.76839474789428
79.4,1.0,0.8,79.6,40.199999999999996,6,42.885889996232045
79.4,1.4,1.2,79.6,40.4,7,43.001727509361885
79.0,3.8,0.4,82.4,41.400000000000006,8,43.115920786089674
81.1,8.5,1.2,88.4,44.800000000000004,9,43.22848327608407
78.8,9.3,0.1,88.0,44.05,10,43.3394283798765
71.8,9.6,0.1,81.3,40.699999999999996,11,43.448769448861185
78.9,9.9,0.6,88.2,44.4,12,43.556519785295094
79.1,9.7,0.1,88.7,44.4,13,43.66269264229798
80.4,9.6,0.1,89.9,45.0,14,43.767301223852385
75.6,0.1,0.1,75.6,37.849999999999994,15,43.87035868480361
78.0,0.0,0.0,78.0,39.0,16,43.971878130859736
81.0,7.7,1.1,87.6,44.349999999999994,17,44.07187261859161
87.0,0.4,0.4,87.0,43.7,18,44.17035515543288
88.9,7.6,0.1,96.4,48.25,19,44.26733869967993
90.0,0.3,0.3,90.0,45.15,20,44.36283616049196
89.1,0.2,0.2,89.1,44.65,21,44.4568603978909
88.0,6.8,0.6,94.2,47.4,22,44.5494242227615
87.9,6.9,0.9,93.9,47.400000000000006,23,44.64054039685125
89.5,6.8,1.0,95.3,48.15,24,44.73022163277044
88.5,0.1,0.1,88.5,44.3,25,44.818480593992106
90.1,4.8,1.2,93.7,47.45,26,44.90532989485209
88.3,0.2,0.2,88.3,44.25,27,44.99078210054899
90.3,0.2,0.2,90.3,45.25,28,45.07484972714418
88.3,0.4,0.4,88.3,44.35,29,45.15754524156182
89.2,8.0,0.9,96.3,48.6,30,45.23888106158883
89.8,8.2,1.4,96.6,49.0,31,45.31886955587491
89.4,6.0,1.0,94.4,47.7,32,45.397523043932544
90.0,7.7,1.5,96.2,48.85,33,45.47485379613697
88.6,9.7,0.3,98.0,49.15,34,45.550874033726224
89.0,0.3,0.3,89.0,44.65,35,45.625595928801104
89.5,0.2,0.2,89.5,44.85,36,45.699031604325185
90.9,0.4,0.4,90.9,45.650000000000006,37,45.77119313412481
90.5,6.8,2.0,95.3,48.65,38,45.84209254288911
89.6,8.3,1.5,96.4,48.95,39,45.91174180616999
89.3,8.3,1.6,96.0,48.8,40,45.98015285038211
89.9,7.6,2.2,95.3,48.75,41,46.04733755280293
89.2,8.0,1.5,95.7,48.6,42,46.11330774157266
93.2,0.3,0.3,93.2,46.75,43,46.17807519569432
91.4,0.2,0.2,91.4,45.800000000000004,44,46.24165164503366
90.2,0.0,0.0,90.2,45.1,45,46.30404877031924
91.1,0.0,0.0,91.1,45.55,46,46.365278203142374
91.5,0.2,0.2,91.5,45.85,47,46.42535152595717
93.3,0.0,0.0,93.3,46.65,48,46.4842802720805
90.7,0.1,0.1,90.7,45.4,49,46.54207592569199
95.4,0.3,0.3,95.4,47.85,50,46.59874992183408
90.3,5.0,2.9,92.4,47.650000000000006,51,46.654313646411964
91.2,5.4,4.2,92.4,48.300000000000004,52,46.70877843619361
90.7,6.5,3.4,93.8,48.6,53,46.76215557880976
95.9,0.1,0.1,95.9,48.0,54,46.81445631275394
91.5,0.1,0.1,91.5,45.8,55,46.86569182738244
92.4,3.6,3.6,92.4,48.0,56,46.91587326291433
83.5,0.3,0.3,83.5,41.9,57,46.965011710431455
94.1,0.1,0.1,94.1,47.099999999999994,58,47.01311821187844
93.7,0.2,0.2,93.7,46.95,59,47.06020376006267
81.8,5.4,3.7,83.5,43.6,60,47.106279298654314
98.3,0.0,0.0,98.3,49.15,61,47.151355722186324
89.4,5.0,4.9,89.5,47.2,62,47.19544387605441
93.5,4.4,4.4,93.5,48.95,63,47.238554556517066
94.0,4.0,4.0,94.0,49.0,64,47.28069851069556
93.1,3.4,3.4,93.1,48.25,65,47.32188643657393
92.2,2.4,2.4,92.2,47.300000000000004,66,47.362128982998996
92.4,5.5,4.2,93.7,48.95,67,47.40143674968036
92.2,5.9,3.8,94.3,49.05,68,47.439820287190365
90.4,6.5,3.4,93.5,48.45,69,47.477290096964175
89.9,0.4,0.4,89.9,45.150000000000006,70,47.51385663129969
90.7,7.1,3.1,94.7,48.9,71,47.54953029335761
89.4,7.2,3.0,93.6,48.3,72,47.5843214371614
90.3,7.4,2.4,95.3,48.85,73,47.61824036759729
89.9,6.8,2.7,94.0,48.35,74,47.6512973404143
90.7,6.8,2.8,94.7,48.75,75,47.68350256222423
89.2,6.0,2.6,92.6,47.599999999999994,76,47.71486619050163
89.2,7.6,2.2,94.6,48.4,77,47.74539833358384
93.0,0.0,0.0,93.0,46.5,78,47.77510905067098
92.2,0.2,0.2,92.2,46.2,79,47.804008351825935
91.7,0.0,0.0,91.7,45.85,80,47.83210619797437
88.5,0.0,0.0,88.5,44.25,81,47.85941250090472
90.8,0.0,0.0,90.8,45.4,82,47.8859371232682
87.4,0.2,0.2,87.4,43.800000000000004,83,47.91168987857879
96.6,0.0,0.0,96.6,48.3,84,47.93668053121326
92.9,0.1,0.1,92.9,46.5,85,47.96091879641115
92.8,2.5,2.5,92.8,47.65,86,47.98441434027477
97.9,0.0,0.0,97.9,48.95,87,48.00717677976919
93.5,3.3,3.3,93.5,48.4,88,48.02921568272229
97.6,0.2,0.2,97.6,48.9,89,48.0505405678247
95.0,0.0,0.0,95.0,47.5,90,48.07116090462982
98.1,0.0,0.0,98.1,49.05,91,48.09108611355385
98.3,0.0,0.0,98.3,49.15,92,48.11032556587574
98.0,0.0,0.0,98.0,49.0,93,48.12888858373723
98.2,0.1,0.1,98.2,49.15,94,48.146784440142824
97.4,0.1,0.1,97.4,48.75,95,48.16402235895981
97.4,0.0,0.0,97.4,48.7,96,48.180611514918255
96.6,0.3,0.3,96.6,48.449999999999996,97,48.196561033610976
96.7,0.0,0.0,96.7,48.35,98,48.21187999149359
94.0,2.0,2.0,94.0,48.0,99,48.22657741588447
97.9,0.0,0.0,97.9,48.95,100,48.24066228496479
97.8,0.0,0.0,97.8,48.9,101,48.254143527778474
98.2,0.0,0.0,98.2,49.1,102,48.267030024232234
96.8,0.1,0.1,96.8,48.449999999999996,103,48.27933060509554
98.0,0.0,0.0,98.0,49.0,104,48.29105405200065
96.4,0.5,0.5,96.4,48.45,105,48.30220909744261
88.7,0.0,0.0,88.7,44.35,106,48.31280442477922
89.0,0.4,0.1,89.3,44.699999999999996,107,48.32284866823105
84.0,7.4,0.1,91.3,45.699999999999996,108,48.33235041288147
96.2,0.0,0.0,96.2,48.1,109,48.341318194676596
85.6,0.0,0.0,85.6,42.8,110,48.34976050042535
93.1,0.1,0.1,93.1,46.599999999999994,111,48.35768576779939
95.0,0.5,0.5,95.0,47.75,112,48.36510238533319
96.5,0.1,0.1,96.5,48.3,113,48.372018692423964
95.3,0.0,0.0,95.3,47.65,114,48.37844297933173
93.3,3.5,3.5,93.3,48.4,115,48.38438348717926
93.7,2.8,2.8,93.7,48.25,116,48.3898484079521
97.2,0.0,0.0,97.2,48.6,117,48.394845884498594
97.2,0.0,0.0,97.2,48.6,118,48.39938401052983
97.9,0.0,0.0,97.9,48.95,119,48.40347083061969
96.0,0.2,0.2,96.0,48.1,120,48.40711434020483
93.7,0.1,0.1,93.7,46.9,121,48.41032248558467
97.1,0.0,0.0,97.1,48.55,122,48.41310316392142
96.7,0.0,0.0,96.7,48.35,123,48.41546422324005
97.9,0.0,0.0,97.9,48.95,124,48.417413462428314
97.7,0.0,0.0,97.7,48.85,125,48.418958631236734
97.9,0.0,0.0,97.9,48.95,126,48.42010743027862
90.6,0.1,0.1,90.6,45.349999999999994,127,48.42086751103004
96.9,0.0,0.0,96.9,48.45,128,48.42124647582984
97.3,0.0,0.0,97.3,48.65,129,48.421251877879655
96.9,0.1,0.1,96.9,48.5,130,48.42089122124388
97.3,0.0,0.0,97.3,48.65,131,48.420171960849686
97.2,0.2,0.2,97.2,48.7,132,48.419101502487024
97.3,0.0,0.0,97.3,48.65,133,48.417687202808615
97.3,0.0,0.0,97.3,48.65,134,48.41593636932997
98.0,0.2,0.2,98.0,49.1,135,48.41385626042934
96.3,0.2,0.2,96.3,48.25,136,48.4114540853478
97.5,0.0,0.0,97.5,48.75,137,48.40873700418915
96.8,0.2,0.2,96.8,48.5,138,48.40571212792
97.1,0.0,0.0,97.1,48.55,139,48.40238651836971
98.2,0.0,0.0,98.2,49.1,140,48.39876718823044
98.1,0.0,0.0,98.1,49.05,141,48.3948611010571
83.8,0.0,0.0,83.8,41.9,142,48.3906751712674
93.1,0.0,0.0,93.1,46.55,143,48.3862162641418
97.7,0.0,0.0,97.7,48.85,144,48.38149119582355
96.5,0.0,0.0,96.5,48.25,145,48.376506733318664
97.6,0.1,0.1,97.6,48.849999999999994,146,48.37126959449595
97.3,0.1,0.1,97.3,48.699999999999996,147,48.365786448086965
98.3,0.0,0.0,98.3,49.15,148,48.36006391368606
97.2,0.1,0.1,97.2,48.65,149,48.35410856175035
97.6,0.1,0.1,97.6,48.849999999999994,150,48.34792691359974
96.9,0.0,0.0,96.9,48.45,151,48.341525441416884
97.5,0.0,0.0,97.5,48.75,152,48.33491056824724
97.4,0.1,0.1,97.4,48.75,153,48.32808866799901
97.3,0.1,0.1,97.3,48.699999999999996,154,48.321066065443205
97.6,0.1,0.1,97.6,48.849999999999994,155,48.31384903621358
98.6,0.0,0.0,98.6,49.3,156,48.30644380680668
98.0,0.0,0.0,98.0,49.0,157,48.298856554581825
98.3,0.0,0.0,98.3,49.15,158,48.2910934077611
98.5,0.0,0.0,98.5,49.25,159,48.28316044542939
97.3,0.0,0.0,97.3,48.65,160,48.275063697534314
97.6,0.0,0.0,97.6,48.8,161,48.266809144886295
97.6,0.0,0.0,97.6,48.8,162,48.25840271915853
97.0,0.2,0.2,97.0,48.6,163,48.24985030288698
91.2,0.0,0.0,91.2,45.6,164,48.24115772947039
97.6,0.2,0.2,97.6,48.9,165,48.23233078317027
96.0,0.1,0.1,96.0,48.05,166,48.223375199110905
97.7,0.1,0.1,97.7,48.9,167,48.21429666327937
97.6,0.0,0.0,97.6,48.8,168,48.2051008125255
98.8,0.0,0.0,98.8,49.4,169,48.195793234561904
95.5,0.1,0.1,95.5,47.8,170,48.18637946796398
97.1,0.0,0.0,97.1,48.55,171,48.17686500216989
97.0,0.1,0.1,97.0,48.55,172,48.167255277480564
97.6,0.0,0.0,97.6,48.8,173,48.15755568505972
96.9,0.0,0.0,96.9,48.45,174,48.14777156693384
97.0,0.0,0.0,97.0,48.5,175,48.1379082159922
88.3,9.1,0.3,97.1,48.699999999999996,176,48.127970875986826
98.3,0.0,0.0,98.3,49.15,177,48.11796474153253
97.1,0.0,0.0,97.1,48.55,178,48.107894958106904
97.7,0.0,0.0,97.7,48.85,179,48.0977666220503
97.4,0.0,0.0,97.4,48.7,180,48.08758478056586
98.0,0.0,0.0,98.0,49.0,181,48.077354431719506
96.5,0.0,0.0,96.5,48.25,182,48.0670805244399
98.3,0.0,0.0,98.3,49.15,183,48.05676795851852
97.7,0.1,0.1,97.7,48.9,184,48.0464215846096
97.4,0.0,0.0,97.4,48.7,185,48.03604620423014
97.4,0.2,0.2,97.4,48.800000000000004,186,48.02564656975993
97.0,0.0,0.0,97.0,48.5,187,48.01522738444152
97.6,0.0,0.0,97.6,48.8,188,48.004793302380264
97.9,0.0,0.0,97.9,48.95,189,47.994348928544255
97.1,0.0,0.0,97.1,48.55,190,47.983898818764374
97.7,0.0,0.0,97.7,48.85,191,47.97344747973429
96.0,0.1,0.1,96.0,48.05,192,47.96299936901043
98.0,0.0,0.0,98.0,49.0,193,47.952558895012004
98.2,0.0,0.0,98.2,49.1,194,47.94213041702099
97.8,0.1,0.1,97.8,48.949999999999996,195,47.93171824518215
96.4,0.4,0.4,96.4,48.400000000000006,196,47.92132664050301
98.0,0.0,0.0,98.0,49.0,197,47.91095981485388
98.1,0.0,0.0,98.1,49.05,198,47.90062193096784
97.5,0.2,0.2,97.5,48.85,199,47.89031710244075
95.8,0.1,0.1,95.8,47.949999999999996,200,47.88004939373123
97.0,0.0,0.0,97.0,48.5,201,47.86982282016069
97.7,0.0,0.0,97.7,48.85,202,47.85964134791332
97.1,0.0,0.0,97.1,48.55,203,47.84950889403606
95.9,0.1,0.1,95.9,48.0,204,47.83942932643865
97.9,0.0,0.0,97.9,48.95,205,47.82940646389359
97.5,0.0,0.0,97.5,48.75,206,47.819444076036156
97.2,0.1,0.1,97.2,48.65,207,47.80954588336441
91.6,0.0,0.0,91.6,45.8,208,47.799715557239175
91.2,1.3,1.3,91.2,46.25,209,47.789956719884046
91.0,0.1,0.1,91.0,45.55,210,47.780272944385416
90.7,1.1,1.1,90.7,45.9,211,47.77066775469243
90.0,0.3,0.3,90.0,45.15,212,47.76114462561702
95.9,0.6,0.6,95.9,48.25,213,47.75170698283388
92.4,0.2,0.2,92.4,46.300000000000004,214,47.742358202880496
91.9,0.5,0.5,91.9,46.2,215,47.73310161315711
96.5,0.2,0.2,96.5,48.35,216,47.723940491926754
97.1,0.0,0.0,97.1,48.55,217,47.71487806831522
97.0,0.4,0.4,97.0,48.7,218,47.705917522311104
95.0,0.0,0.0,95.0,47.5,219,47.69706198476574
92.9,1.2,1.2,92.9,47.050000000000004,220,47.68831453739325
91.9,0.8,0.8,91.9,46.35,221,47.67967821277055
92.5,1.4,1.4,92.5,46.95,222,47.6711559943373
93.2,0.6,0.6,93.2,46.9,223,47.662750816395956
91.9,3.2,3.2,91.9,47.550000000000004,224,47.654465564111746
92.0,0.0,0.0,92.0,46.0,225,47.646303073512655
92.1,0.1,0.1,92.1,46.099999999999994,226,47.63826613148947
89.7,0.5,0.5,89.7,45.1,227,47.63035747579573
83.0,9.6,0.0,92.6,46.3,228,47.62257979504777
82.2,0.0,0.0,82.2,41.1,229,47.614935728724674
83.4,0.2,0.1,83.5,41.8,230,47.607427867168326
84.0,0.3,0.3,84.0,42.15,231,47.60005875158336
83.4,1.1,1.1,83.4,42.25,232,47.59283087403721
85.2,0.1,0.1,85.2,42.65,233,47.58574667746007
86.4,0.4,0.4,86.4,43.400000000000006,234,47.57880855564491
83.8,0.7,0.7,83.8,42.25,235,47.57201885324747
85.4,1.7,1.7,85.4,43.550000000000004,236,47.565379865786284
84.6,1.7,1.6,84.7,43.15,237,47.558893839642636
88.8,0.0,0.0,88.8,44.4,238,47.5525629720606
88.5,1.5,1.5,88.5,45.0,239,47.546389411147025
95.6,0.1,0.1,95.6,47.849999999999994,240,47.540375255871524
87.9,0.0,0.0,87.9,43.95,241,47.53452255606649
94.0,0.0,0.0,94.0,47.0,242,47.5288333124271
88.1,0.1,0.1,88.1,44.099999999999994,243,47.5233094765113
95.8,0.2,0.2,95.8,48.0,244,47.517952950739804
97.1,0.0,0.0,97.1,48.55,245,47.5127655883961
98.2,0.0,0.0,98.2,49.1,246,47.50774919362646
97.1,0.0,0.0,97.1,48.55,247,47.50290552143993
96.4,0.1,0.1,96.4,48.25,248,47.49823627770832
98.0,0.0,0.0,98.0,49.0,249,47.49374311916624
97.0,0.0,0.0,97.0,48.5,250,47.489427653411035
96.4,0.1,0.1,96.4,48.25,251,47.485291438902856
97.8,0.0,0.0,97.8,48.9,252,47.48133598496462
96.5,0.0,0.0,96.5,48.25,253,47.477562751782024
96.8,0.0,0.0,96.8,48.4,254,47.47397315040352
96.7,0.0,0.0,96.7,48.35,255,47.47056854274037
97.7,0.0,0.0,97.7,48.85,256,47.467350241566564
97.7,0.0,0.0,97.7,48.85,257,47.464319510518905
97.5,0.0,0.0,97.5,48.75,258,47.46147756409696
96.1,0.1,0.1,96.1,48.099999999999994,259,47.45882556766307
94.8,0.1,0.1,94.8,47.449999999999996,260,47.456364637442334
98.6,0.0,0.0,98.6,49.3,261,47.45409584052266
97.5,0.0,0.0,97.5,48.75,262,47.452020194854704
96.8,0.1,0.1,96.8,48.449999999999996,263,47.450138669251906
98.5,0.0,0.0,98.5,49.25,264,47.44845218339047
97.9,0.0,0.0,97.9,48.95,265,47.4469616078094
96.2,0.2,0.2,96.2,48.2,266,47.44566776391045
97.8,0.0,0.0,97.8,48.9,267,47.44457142395815
97.6,0.0,0.0,97.6,48.8,268,47.44367331107983
96.8,0.1,0.1,96.8,48.449999999999996,269,47.442974099265555
97.2,0.0,0.0,97.2,48.6,270,47.44247441336821
98.0,0.2,0.2,98.0,49.1,271,47.442174829103415
97.7,0.0,0.0,97.7,48.85,272,47.44207587304958
95.8,0.3,0.3,95.8,48.05,273,47.44217802264791
97.7,0.0,0.0,97.7,48.85,274,47.442481706202344
97.8,0.0,0.0,97.8,48.9,275,47.44298730287963
97.8,0.0,0.0,97.8,48.9,276,47.44369514270927
88.1,1.5,0.8,88.8,44.8,277,47.44460550658355
96.9,0.0,0.0,96.9,48.45,278,47.44571862625753
91.7,0.1,0.1,91.7,45.9,279,47.447034684349056
97.4,0.0,0.0,97.4,48.7,280,47.44855381433872
97.3,0.0,0.0,97.3,48.65,281,47.450276100569916
98.1,0.0,0.0,98.1,49.05,282,47.4522015782488
97.1,0.0,0.0,97.1,48.55,283,47.454330233444296
97.5,0.2,0.2,97.5,48.85,284,47.45666200308813
97.3,0.0,0.0,97.3,48.65,285,47.459196774974764
97.0,0.0,0.0,97.0,48.5,286,47.46193438776147
98.2,0.0,0.0,98.2,49.1,287,47.464874630968275
97.9,0.0,0.0,97.9,48.95,288,47.468017244977986
96.4,0.0,0.0,96.4,48.2,289,47.47136192103619
97.3,0.2,0.2,97.3,48.75,290,47.47490830125123
97.3,0.1,0.1,97.3,48.699999999999996,291,47.478655978594254
97.1,0.2,0.2,97.1,48.65,292,47.48260449689916
97.5,0.1,0.1,97.5,48.8,293,47.48675335086262
98.3,0.0,0.0,98.3,49.15,294,47.4911019860441
97.9,0.0,0.0,97.9,48.95,295,47.49564979886582
97.8,0.2,0.2,97.8,49.0,296,47.5003961366128
97.1,0.0,0.0,97.1,48.55,297,47.5053402974328
97.2,0.0,0.0,97.2,48.6,298,47.51048153033639
92.7,0.0,0.0,92.7,46.35,299,47.5158190351969
97.3,0.0,0.0,97.3,48.65,300,47.521351962750416
97.0,0.2,0.2,97.0,48.6,301,47.52707941459583
97.5,0.0,0.0,97.5,48.75,302,47.533000443194794
97.8,0.0,0.0,97.8,48.9,303,47.53911405187173
97.6,0.0,0.0,97.6,48.8,304,47.545419194813846
96.8,0.0,0.0,96.8,48.4,305,47.55191477707112
91.0,0.0,0.0,91.0,45.5,306,47.55859965455629
96.4,0.0,0.0,96.4,48.2,307,47.5654726340449
97.3,0.2,0.2,97.3,48.75,308,47.572532473175244
97.2,0.2,0.2,97.2,48.7,309,47.579777880448404
95.8,0.1,0.1,95.8,47.949999999999996,310,47.58720751522822
97.4,0.0,0.0,97.4,48.7,311,47.594819987741324
96.8,0.0,0.0,96.8,48.4,312,47.60261385907712
97.3,0.2,0.2,97.3,48.75,313,47.61058764118777
96.8,0.2,0.2,96.8,48.5,314,47.61873979688824
96.1,0.0,0.0,96.1,48.05,315,47.62706873985624
98.6,0.0,0.0,98.6,49.3,316,47.635572834632285
97.3,0.1,0.1,97.3,48.699999999999996,317,47.64425039661963
97.7,0.1,0.1,97.7,48.9,318,47.65309969208434
98.7,0.0,0.0,98.7,49.35,319,47.66211893815523
98.2,0.0,0.0,98.2,49.1,320,47.6713063028239
97.9,0.1,0.1,97.9,49.0,321,47.68065990494472
97.3,0.1,0.1,97.3,48.699999999999996,322,47.69017781423484
96.2,0.5,0.5,96.2,48.35,323,47.699858051274184
96.8,0.3,0.3,96.8,48.55,324,47.70969858750545
97.7,0.2,0.2,97.7,48.95,325,47.7196973452341
97.1,0.0,0.0,97.1,48.55,326,47.7298521976284
97.9,0.0,0.0,97.9,48.95,327,47.74016096871935
90.9,0.0,0.0,90.9,45.45,328,47.75062143340076
89.9,0.5,0.5,89.9,45.2,329,47.76123131742919
90.5,0.0,0.0,90.5,45.25,330,47.771988297423995
91.7,0.0,0.0,91.7,45.85,331,47.78289000086729
91.6,0.0,0.0,91.6,45.8,332,47.79393400610397
91.0,0.1,0.1,91.0,45.55,333,47.80511784234171
90.8,0.0,0.0,90.8,45.4,334,47.81643898965094
91.6,0.0,0.0,91.6,45.8,335,47.8278948789649
90.2,0.0,0.0,90.2,45.1,336,47.839482892079566
90.6,0.4,0.4,90.6,45.5,337,47.85120036165371
92.0,0.1,0.1,92.0,46.05,338,47.86304457120889
88.9,0.0,0.0,88.9,44.45,339,47.875012755129404
91.3,0.0,0.0,91.3,45.65,340,47.88710209866235
95.6,0.0,0.0,95.6,47.8,341,47.899309737917605
92.5,0.0,0.0,92.5,46.25,342,47.91163275986781
93.9,0.0,0.0,93.9,46.95,343,47.924068202348366
97.4,0.0,0.0,97.4,48.7,344,47.936613054057474
96.3,0.2,0.2,96.3,48.25,345,47.949264254556105
95.9,0.0,0.0,95.9,47.95,346,47.962018694268
93.6,0.0,0.0,93.6,46.8,347,47.974873214479665
93.9,0.2,0.2,93.9,47.050000000000004,348,47.9878246073404
94.9,0.0,0.0,94.9,47.45,349,48.00086961586227
96.3,0.0,0.0,96.3,48.15,350,48.01400493392011
96.5,0.0,0.0,96.5,48.25,351,48.02722720625154
96.3,0.6,0.6,96.3,48.449999999999996,352,48.04053302845694
97.6,0.0,0.0,97.6,48.8,353,48.05391894699948
97.1,0.2,0.2,97.1,48.65,354,48.0673814592051
97.2,0.0,0.0,97.2,48.6,355,48.08091701326252
97.3,0.0,0.0,97.3,48.65,356,48.094522008223215
97.9,0.2,0.2,97.9,49.050000000000004,357,48.108192794001454
98.2,0.0,0.0,98.2,49.1,358,48.12192567137428
98.3,0.0,0.0,98.3,49.15,359,48.135716891981495
98.4,0.0,0.0,98.4,49.2,360,48.1495626583257
96.7,0.2,0.2,96.7,48.45,361,48.16345912377224
98.0,0.0,0.0,98.0,49.0,362,48.17740239254927
97.6,0.0,0.0,97.6,48.8,363,48.19138851974768
98.6,0.0,0.0,98.6,49.3,364,48.205413511321176
96.8,0.0,0.0,96.8,48.4,365,48.219473324086216
97.1,0.1,0.1,97.1,48.599999999999994,366,48.233563865722026
95.5,0.0,0.0,95.5,47.75,367,48.24768099477062
97.1,0.2,0.2,97.1,48.65,368,48.26182052063678
96.7,0.1,0.1,96.7,48.4,369,48.27597820358808
97.8,0.0,0.0,97.8,48.9,370,48.29014975475484
96.8,0.0,0.0,96.8,48.4,371,48.30433083613018
97.6,0.0,0.0,97.6,48.8,372,48.318517060569974
97.1,0.0,0.0,97.1,48.55,373,48.33270399179288
96.2,0.1,0.1,96.2,48.15,374,48.34688714438035
97.3,0.0,0.0,97.3,48.65,375,48.361061983776565
97.6,0.0,0.0,97.6,48.8,376,48.37522392628853
98.1,0.0,0.0,98.1,49.05,377,48.38936833908599
95.0,0.0,0.0,95.0,47.5,378,48.40349054020148
97.8,0.0,0.0,97.8,48.9,379,48.41758579853031
97.1,0.0,0.0,97.1,48.55,380,48.43164933383057
97.7,0.0,0.0,97.7,48.85,381,48.4456763167231
97.1,0.0,0.0,97.1,48.55,382,48.45966186869154
97.1,0.1,0.1,97.1,48.599999999999994,383,48.473601062082295
98.3,0.0,0.0,98.3,49.15,384,48.48748892010454
98.0,0.0,0.0,98.0,49.0,385,48.50132041683024
97.4,0.2,0.2,97.4,48.800000000000004,386,48.51509047719412
94.0,0.2,0.2,94.0,47.1,387,48.5287939769937
96.9,0.0,0.0,96.9,48.45,388,48.54242574288923
97.9,0.1,0.1,97.9,49.0,389,48.55598055240378
97.6,0.0,0.0,97.6,48.8,390,48.56945313392319
97.8,0.0,0.0,97.8,48.9,391,48.58283816669605
97.8,0.0,0.0,97.8,48.9,392,48.59613028083374
95.6,0.1,0.1,95.6,47.849999999999994,393,48.60932405731042
96.3,0.1,0.1,96.3,48.199999999999996,394,48.622414027963
98.6,0.0,0.0,98.6,49.3,395,48.63539467549121
97.6,0.0,0.0,97.6,48.8,396,48.648260433457516
98.0,0.2,0.2,98.0,49.1,397,48.66100568628716
97.5,0.0,0.0,97.5,48.75,398,48.67362476926818
98.0,0.0,0.0,98.0,49.0,399,48.68611196855137
97.6,0.0,0.0,97.6,48.8,400,48.69846152115032
97.3,0.0,0.0,97.3,48.65,401,48.71066761494137
97.7,0.0,0.0,97.7,48.85,402,48.72272438866365
98.1,0.0,0.0,98.1,49.05,403,48.734625931919055
97.5,0.0,0.0,97.5,48.75,404,48.746366285172265
97.5,0.0,0.0,97.5,48.75,405,48.757939439750736
96.9,0.0,0.0,96.9,48.45,406,48.76933933784468
98.6,0.0,0.0,98.6,49.3,407,48.780559872507105
96.0,0.2,0.2,96.0,48.1,408,48.79159488765379
97.2,0.0,0.0,97.2,48.6,409,48.80243817806326
97.5,0.0,0.0,97.5,48.75,410,48.81308348937687
96.9,0.0,0.0,96.9,48.45,411,48.8235245180987
97.6,0.0,0.0,97.6,48.8,412,48.83375491159563
97.7,0.0,0.0,97.7,48.85,413,48.84376826809731
97.8,0.0,0.0,97.8,48.9,414,48.85355813669615
94.1,0.2,0.2,94.1,47.15,415,48.86311801734736
96.2,0.0,0.0,96.2,48.1,416,48.87244136086891
97.9,0.0,0.0,97.9,48.95,417,48.881521568941544
97.4,0.2,0.2,97.4,48.800000000000004,418,48.890351994108784
97.0,0.0,0.0,97.0,48.5,419,48.89892593977693
98.0,0.0,0.0,98.0,49.0,420,48.90723666021504
98.0,0.0,0.0,98.0,49.0,421,48.91527736055498
97.7,0.0,0.0,97.7,48.85,422,48.92304119679135
97.3,0.0,0.0,97.3,48.65,423,48.930521275781565
97.8,0.0,0.0,97.8,48.9,424,48.93771065524579
97.4,0.0,0.0,97.4,48.7,425,48.94460234376695
97.4,0.0,0.0,97.4,48.7,426,48.95118930079079
98.4,0.0,0.0,98.4,49.2,427,48.95746443662579
95.9,0.0,0.0,95.9,47.95,428,48.96342061244322
97.2,0.2,0.2,97.2,48.7,429,48.96905064027713
97.9,0.0,0.0,97.9,48.95,430,48.974347283024336
96.4,0.1,0.1,96.4,48.25,431,48.979303254444424
98.4,0.0,0.0,98.4,49.2,432,48.98391121915977
97.8,0.0,0.0,97.8,48.9,433,48.98816379265551
98.4,0.0,0.0,98.4,49.2,434,48.992053541279574
97.5,0.2,0.2,97.5,48.85,435,48.99557298224264
96.9,0.0,0.0,96.9,48.45,436,48.99871458361818
97.9,0.0,0.0,97.9,48.95,437,49.001470764342436
98.3,0.0,0.0,98.3,49.15,438,49.003833894214424
97.7,0.0,0.0,97.7,48.85,439,49.00579629389594
96.6,0.0,0.0,96.6,48.3,440,49.007350234911534
97.7,0.0,0.0,97.7,48.85,441,49.00848793964856
97.2,0.0,0.0,97.2,48.6,442,49.00920158135713
97.7,0.1,0.1,97.7,48.9,443,49.009483284150136
97.1,0.0,0.0,97.1,48.55,444,49.00932512300324
97.6,0.0,0.0,97.6,48.8,445,49.00871912375488
97.5,0.0,0.0,97.5,48.75,446,49.00765726310627
95.2,0.0,0.0,95.2,47.6,447,49.0061314686214
97.1,0.0,0.0,97.1,48.55,448,49.00413361872703
96.4,0.0,0.0,96.4,48.2,449,49.001655542712705
96.8,0.0,0.0,96.8,48.4,450,48.99868902073074
97.5,0.0,0.0,97.5,48.75,451,48.99522578379621
97.0,0.0,0.0,97.0,48.5,452,48.99125751378699
95.8,0.0,0.0,95.8,47.9,453,48.98677584344371
97.0,0.0,0.0,97.0,48.5,454,48.98177235636978
96.5,0.0,0.0,96.5,48.25,455,48.976238587031396
97.2,0.0,0.0,97.2,48.6,456,48.97016602075751
98.0,0.0,0.0,98.0,49.0,457,48.96354609373986
93.4,0.0,0.0,93.4,46.7,458,48.95637019303296
96.7,0.1,0.1,96.7,48.4,459,48.9486296565541
95.6,0.0,0.0,95.6,47.8,460,48.94031577308333
96.9,0.1,0.1,96.9,48.5,461,48.93141978226348
97.1,0.1,0.1,97.1,48.599999999999994,462,48.92193287460018
97.4,0.0,0.0,97.4,48.7,463,48.9118461914618
97.8,0.0,0.0,97.8,48.9,464,48.901150825079505
98.5,0.0,0.0,98.5,49.25,465,48.88983781854722
97.9,0.1,0.1,97.9,49.0,466,48.87789816582166
97.6,0.0,0.0,97.6,48.8,467,48.865322811722315
96.8,0.1,0.1,96.8,48.449999999999996,468,48.85210265193143
97.6,0.0,0.0,97.6,48.8,469,48.83822853299405
97.6,0.1,0.1,97.6,48.849999999999994,470,48.82369125231798
97.3,0.0,0.0,97.3,48.65,471,48.80848155817379
97.4,0.0,0.0,97.4,48.7,472,48.792590149694846
96.6,0.0,0.0,96.6,48.3,473,48.776007676877285
96.6,0.0,0.0,96.6,48.3,474,48.75872474058
96.8,0.1,0.1,96.8,48.449999999999996,475,48.740731892524686
98.5,0.0,0.0,98.5,49.25,476,48.722019635295794
97.9,0.0,0.0,97.9,48.95,477,48.70257842234055
98.2,0.2,0.2,98.2,49.2,478,48.68239865796897
97.2,0.1,0.1,97.2,48.65,479,48.66147069735382
98.3,0.0,0.0,98.3,49.15,480,48.63978484653066
97.9,0.2,0.2,97.9,49.050000000000004,481,48.61733136239783
97.7,0.0,0.0,97.7,48.85,482,48.59410045271642
98.7,0.0,0.0,98.7,49.35,483,48.57008227611031
96.1,0.2,0.2,96.1,48.15,484,48.54526694206617
98.4,0.0,0.0,98.4,49.2,485,48.51964451093341
97.5,0.0,0.0,97.5,48.75,486,48.493204993924245
96.6,0.0,0.0,96.6,48.3,487,48.46593835311365
97.1,0.0,0.0,97.1,48.55,488,48.43783450143937
97.6,0.0,0.0,97.6,48.8,489,48.40888330270194
98.3,0.0,0.0,98.3,49.15,490,48.37907457156466
96.5,0.2,0.2,96.5,48.35,491,48.348398073553604
97.3,0.0,0.0,97.3,48.65,492,48.31684352505763
97.6,0.0,0.0,97.6,48.8,493,48.284400593328364
98.2,0.0,0.0,98.2,49.1,494,48.251058896480195
97.2,0.0,0.0,97.2,48.6,495,48.216808003490314
97.8,0.0,0.0,97.8,48.9,496,48.18163743419867
97.5,0.0,0.0,97.5,48.75,497,48.14553665930798
97.6,0.0,0.0,97.6,48.8,498,48.10849510038374
98.2,0.0,0.0,98.2,49.1,499,48.07050212985424
98.1,0.0,0.0,98.1,49.05,500,48.03154707101052
